1
 8 0 0 0 0 0 0
 0 0.02 5.49048 6.02248 32.7695 13.7494 13.6868 34.6973 2081.28 3.54341 5.76558 -1.92416 -7.73979 0 0 0
1
 19 0 0 0 0 0 0
 0 0.02 5.49048 0 32.7695 12.457 12.457 5.29423e-05 5.29423e-05 5.39927 -2 -8.63462 18.3846 0 0 0
1
 19 0 0 0 0 0 0
 0 0.02 5.49048 0 32.7695 12.457 12.457 5.29423e-05 5.29423e-05 5.39927 -2 -8.63462 18.3846 0 0 0
1
 8 0 0 0 0 0 0
 0 0.02 6.82508 7.11095 26.8427 14.4201 10.5513 2045.84 2045.84 3.50496 5.59688 -2.75166 -6.49053 0 0 0
1
 19 0 0 0 0 0 0
 0 0.02 6.82508 0 26.8427 9.03518 9.03518 3.83995e-05 3.83995e-05 5.46901 -2 -9.07045 18.8205 0 0 0
1
 19 0 0 0 0 0 0
 0 0.02 6.82508 0 26.8427 9.03518 9.03518 3.83995e-05 3.83995e-05 5.46901 -2 -9.07045 18.8205 0 0 0
1
 8 0 0 0 0 0 0
 0 0.02 9.78084 10.0104 19.3919 14.5006 6.90495 1317.81 1317.81 3.52374 5.28998 -2.35673 -6.11821 0 0 0
1
 18 0 0 0 0 0 0
 0 0.02 9.78084 0 19.3919 1.54526 1.54526 1.87906e-05 1.87906e-05 6.91258 3.15348 -18.0927 14.959 0 12 0.1
1
 18 0 0 0 0 0 0
 0 0.02 9.78084 0 19.3919 1.54526 1.54526 1.87906e-05 1.87906e-05 6.91258 3.15348 -18.0927 14.959 0 12 0.1
